0.2132651966170252,0.1320777057976073,0.5201209513210479,-0.6293042739945722,1.1707084522535156,0.04301468721855107,-0.2544652936041338,-0.05731105975388291,0.007539660126325044
0.5276208606265939,-0.8933265514843781,-0.9629702367821225,0.11953284744873093,1.122233889153954,-0.4214350837547587,0.06984357007584097,0.704942117953364,-0.30849401061732373
-0.08167238356141794,1.2779279620970625,0.07304933641465525,0.5953333037857217,-4.105907968437315,-0.03693700694242177,0.6839921470768139,0.12597160388168918,-0.08609268318666113
0.17718808012451398,-0.2417270293014866,-0.29853822721747353,0.7454846119157066,-0.05476466005869085,1.0578736435177647,-2.0735261716137714,0.11236786221650151,0.018598801710570777
-1.074717981248063,-0.013920137462021075,0.5171682464995041,-0.4252896641835416,-3.064555803020177,0.07389707779165888,2.1777892929717297,0.15314977572550964,-0.3633673322591533
0.9628938117275527,0.04252793142996994,-0.62425561503903,1.5289443600652208,0.5376728982448684,-0.33244765387885217,0.0221445951515506,-0.08376924375866464,-1.4577623016002803
0.28724173176868273,0.028038350283995563,-0.2888415056552198,-0.1203211867093415,0.610765329326806,-0.6677151882722081,-1.0906195563280097,1.4331338650385905,0.546782173031182
-0.6656411645523451,0.2585686046991392,0.02174166121780049,-0.9192759252708418,0.29473636523235935,-1.7328369459085535,-0.9331467573828179,1.0155814803300784,0.43879082644619505
-0.3811992956436182,0.298740818757485,1.1323960425637993,1.0777873227955772,-0.20883340904037792,-0.1048545633283467,-0.07793213172035024,-0.2694709607648117,-0.5253854239143716
0.07001170992957222,-0.00952750218513722,0.24019080569620033,-1.9490193129998965,0.17266798178227563,1.051016891807907,-0.015555032766942912,0.09070232066925102,0.3024049748653688
-0.19820661151690655,0.14097576534925943,-0.10540972210226127,-0.2578013819424654,-0.18678093074217425,0.5454649066042321,2.40273522123179,0.3625327453002051,-0.13946876852023699
0.043049939603782124,-0.25345840813635545,0.28802858228122197,0.19272050153250841,-3.815624314340262,-0.6208614845458693,-1.1293658407537799,0.8746002536119956,-0.49108220620561865

0.6341843041770164,-0.24031951280370945,-0.025026483394225835,0.8006303085199767,-0.46804219836906097,-0.663245552952342,0.15395656417611223,-1.2197909171512216,-0.08176938010243165,-0.28993720562180203,-1.0750087687376286,-0.08693689715878675,-0.018056827199133645
0.21331274618429028,0.5565745308617479,0.0761300719514433,-0.03877787394076575,0.12229708750281391,-0.11473628558758787,0.19633627939948223,0.9953550121230827,-3.1565919262429576,-0.3652300527325016,0.1398624457737969,-0.32069186472020794,-0.39427961448462084
-0.9626128411054757,-0.3729954611952959,-0.018079229809563807,1.261536874530743,-0.13188442292372193,0.4196225714121217,0.3471258125009292,-0.057819692839941365,-1.5028496174817139,0.3007486575825553,-0.43892482091122703,-0.3740154949772588,0.44879349486609377
-3.4681181826110086,-0.7197751030846277,-1.2180246076631023,0.15138664286605819,-0.11256427955095646,-0.0309384508442657,-0.5406036337685357,-0.20819712614410363,1.2769044137459404,0.08051029396968751,-0.48442060053098307,0.23452223680142886,0.5158360105027321
-0.3878815547357693,-0.3955464264685861,-0.05945921614913388,0.05371144074493553,-0.5190061458631006,0.20686886046832528,1.9008447489577063,0.590915467929505,1.1065000225761015,0.14801159204996472,-2.112606983421139,-0.06082090794008861,1.5368557294207554
0.13403277085698448,0.0641009779896349,-0.7150623477035323,1.0835350246171163,0.027395984664001918,-0.6864418598889646,1.2281717011757844,-0.10330341056842554,0.13525696435787943,0.013734601762198026,-0.21785810576373676,-0.05805541573626573,-0.9107714547845291
-0.09736302083396692,-2.6367256701785586,2.929682576784903,-0.08292891470061095,0.1737707739338619,-0.29159430357758737,-0.4757541702347116,0.2885114890563822,-0.4840047600598264,0.5881908083791343,0.23078661905076042,-0.15787316273375582,-0.16799266030596732
0.7505467476589069,1.318697351562479,-0.31109068311415244,0.06709066742607543,-0.12292651829116358,0.8002231368581909,1.0189745547983042,-0.2722204201297915,0.012437721180828034,-0.6248984675561842,0.8066618093651604,0.37776289081382675,0.019640755708438064
-0.09522684761066726,-0.37687516344516697,1.6536665717364647,0.21936798500596955,-0.017538953913334945,-0.3700470683047871,-1.0546732935306682,-1.2643275113829642,-0.21560318115357086,0.1368880920189871,-0.08739694187138035,-0.46909345985135786,-0.1667157270211053
-0.12754562931607996,0.38577027812330256,-1.1446914190909312,0.14540138129872665,0.23280032010806345,-0.6953365579484284,-1.323806070233364,0.029770384351166104,-0.3386777994639705,5.2902198880989655,0.35110730285495845,0.08320576658392259,0.06964746707549163

1.9558711747284159,0.3412223777286201,-0.43583547553617696,-0.3702220662093507,-1.238999292647076,1.3871579951483648,0.10686434751814286,-0.12253092235036216,-0.3231469473011357,2.2310208284004243,-0.488562002283096
-0.598871439932864,1.0546584633476694,0.13357561507625765,-0.36974921964875457,-0.15232665804078402,-0.015555434440117963,-0.0083008510377735,0.18376770976117746,-0.2435713151086104,0.0018163696799371354,0.6518481495085552
-0.1659507908397846,-0.3026449546941564,0.3803096454862807,-0.08818048809118181,0.653377044597553,-0.741911395769508,1.6467068859632699,-1.0302226927122893,0.3639490646646625,0.6991104678215776,0.1509829275210977
1.0193328184006256,-0.6768710575053117,0.03581935131396718,0.40302016645159594,0.3409850164489763,0.8660650526563494,0.21939038920899537,-0.14434006296520865,0.516321985913403,-0.1063734548685012,-0.007875874120501227

